Model,Dataset,Target,Horizon,Lookback,Stride,Seed,Window,Window_Start_TS,Window_End_TS,MSE,MAE,MAPE (%),MDA (%)
tft,ETTm1.csv,OT,96,96,24,180508151,0,2018-03-09T23:00:00,2018-03-10T22:45:00,4.7584,1.7158,27.5906,48.42
tft,ETTm1.csv,OT,96,96,24,180508151,1,2018-03-10T05:00:00,2018-03-11T04:45:00,7.1556,2.093,29.111,38.95
tft,ETTm1.csv,OT,96,96,24,180508151,2,2018-03-10T11:00:00,2018-03-11T10:45:00,3.744,1.5,21.4593,37.89
tft,ETTm1.csv,OT,96,96,24,180508151,3,2018-03-10T17:00:00,2018-03-11T16:45:00,4.3789,1.7487,24.1966,41.05
tft,ETTm1.csv,OT,96,96,24,180508151,4,2018-03-10T23:00:00,2018-03-11T22:45:00,4.0924,1.5469,20.0893,49.47
tft,ETTm1.csv,OT,96,96,24,180508151,5,2018-03-11T05:00:00,2018-03-12T04:45:00,4.5515,1.7071,21.6855,37.89
tft,ETTm1.csv,OT,96,96,24,180508151,6,2018-03-11T11:00:00,2018-03-12T10:45:00,5.0411,1.843,22.483,40.0
tft,ETTm1.csv,OT,96,96,24,180508151,7,2018-03-11T17:00:00,2018-03-12T16:45:00,3.7419,1.6234,18.9647,40.0
tft,ETTm1.csv,OT,96,96,24,180508151,8,2018-03-11T23:00:00,2018-03-12T22:45:00,5.6716,1.8878,20.6628,46.32
tft,ETTm1.csv,OT,96,96,24,180508151,9,2018-03-12T05:00:00,2018-03-13T04:45:00,4.6847,1.6976,17.9711,42.11
tft,ETTm1.csv,OT,96,96,24,180508151,10,2018-03-12T11:00:00,2018-03-13T10:45:00,4.1334,1.6911,18.0384,38.95
tft,ETTm1.csv,OT,96,96,24,180508151,11,2018-03-12T17:00:00,2018-03-13T16:45:00,4.8778,1.7511,17.299,41.05
tft,ETTm1.csv,OT,96,96,24,180508151,12,2018-03-12T23:00:00,2018-03-13T22:45:00,4.2975,1.6061,15.322,51.58
tft,ETTm1.csv,OT,96,96,24,180508151,13,2018-03-13T05:00:00,2018-03-14T04:45:00,6.4503,2.0275,18.4881,45.26
tft,ETTm1.csv,OT,96,96,24,180508151,14,2018-03-13T11:00:00,2018-03-14T10:45:00,4.2724,1.6732,15.3945,42.11
tft,ETTm1.csv,OT,96,96,24,180508151,15,2018-03-13T17:00:00,2018-03-14T16:45:00,6.2312,2.0147,18.6707,43.16
tft,ETTm1.csv,OT,96,96,24,180508151,16,2018-03-13T23:00:00,2018-03-14T22:45:00,5.5498,1.7752,17.3396,48.42
tft,ETTm1.csv,OT,96,96,24,180508151,17,2018-03-14T05:00:00,2018-03-15T04:45:00,7.8208,2.2092,22.1923,44.21
tft,ETTm1.csv,OT,96,96,24,180508151,18,2018-03-14T11:00:00,2018-03-15T10:45:00,9.5713,2.6332,26.6498,41.05
tft,ETTm1.csv,OT,96,96,24,180508151,19,2018-03-14T17:00:00,2018-03-15T16:45:00,8.524,2.3773,23.3802,45.26
tft,ETTm1.csv,OT,96,96,24,180508151,20,2018-03-14T23:00:00,2018-03-15T22:45:00,14.853,2.8454,88.3886,42.11
tft,ETTm1.csv,OT,96,96,24,180508151,21,2018-03-15T05:00:00,2018-03-16T04:45:00,24.8501,3.8359,154.7869,50.53
tft,ETTm1.csv,OT,96,96,24,180508151,22,2018-03-15T11:00:00,2018-03-16T10:45:00,30.6807,4.6376,208.2612,43.16
tft,ETTm1.csv,OT,96,96,24,180508151,23,2018-03-15T17:00:00,2018-03-16T16:45:00,49.2788,6.5716,280.2165,41.05
tft,ETTm1.csv,OT,96,96,24,180508151,24,2018-03-15T23:00:00,2018-03-16T22:45:00,13.0648,3.1439,106.1438,41.05
tft,ETTm1.csv,OT,96,96,24,180508151,25,2018-03-16T05:00:00,2018-03-17T04:45:00,13.5976,3.0691,96.4501,47.37
tft,ETTm1.csv,OT,96,96,24,180508151,26,2018-03-16T11:00:00,2018-03-17T10:45:00,15.023,3.147,94.2767,44.21
tft,ETTm1.csv,OT,96,96,24,180508151,27,2018-03-16T17:00:00,2018-03-17T16:45:00,4.4541,1.7141,44.2994,44.21
tft,ETTm1.csv,OT,96,96,24,180508151,28,2018-03-16T23:00:00,2018-03-17T22:45:00,3.7934,1.5913,40.8283,46.32
tft,ETTm1.csv,OT,96,96,24,180508151,29,2018-03-17T05:00:00,2018-03-18T04:45:00,5.3415,1.8184,37.4209,33.68
tft,ETTm1.csv,OT,96,96,24,180508151,30,2018-03-17T11:00:00,2018-03-18T10:45:00,10.1238,2.6078,44.6793,46.32
tft,ETTm1.csv,OT,96,96,24,180508151,31,2018-03-17T17:00:00,2018-03-18T16:45:00,9.3373,2.4585,40.4523,38.95
tft,ETTm1.csv,OT,96,96,24,180508151,32,2018-03-17T23:00:00,2018-03-18T22:45:00,8.4244,2.2648,36.1236,42.11
tft,ETTm1.csv,OT,96,96,24,180508151,33,2018-03-18T05:00:00,2018-03-19T04:45:00,4.4268,1.6487,28.4147,51.58
tft,ETTm1.csv,OT,96,96,24,180508151,34,2018-03-18T11:00:00,2018-03-19T10:45:00,6.1647,1.9998,37.3824,56.84
tft,ETTm1.csv,OT,96,96,24,180508151,35,2018-03-18T17:00:00,2018-03-19T16:45:00,4.2446,1.6317,30.206,51.58
tft,ETTm1.csv,OT,96,96,24,180508151,36,2018-03-18T23:00:00,2018-03-19T22:45:00,3.9559,1.6098,32.2441,42.11
tft,ETTm1.csv,OT,96,96,24,180508151,37,2018-03-19T05:00:00,2018-03-20T04:45:00,8.4542,2.3319,53.9186,45.26
tft,ETTm1.csv,OT,96,96,24,180508151,38,2018-03-19T11:00:00,2018-03-20T10:45:00,11.2259,2.8201,71.9799,45.26
tft,ETTm1.csv,OT,96,96,24,180508151,39,2018-03-19T17:00:00,2018-03-20T16:45:00,13.4451,3.0925,87.9947,49.47
tft,ETTm1.csv,OT,96,96,24,180508151,40,2018-03-19T23:00:00,2018-03-20T22:45:00,14.3838,3.2263,103.7226,50.53
tft,ETTm1.csv,OT,96,96,24,180508151,41,2018-03-20T05:00:00,2018-03-21T04:45:00,10.308,2.6693,87.3832,49.47
tft,ETTm1.csv,OT,96,96,24,180508151,42,2018-03-20T11:00:00,2018-03-21T10:45:00,5.3562,1.8249,57.2274,33.68
tft,ETTm1.csv,OT,96,96,24,180508151,43,2018-03-20T17:00:00,2018-03-21T16:45:00,4.1082,1.626,41.2249,45.26
tft,ETTm1.csv,OT,96,96,24,180508151,44,2018-03-20T23:00:00,2018-03-21T22:45:00,5.312,1.8652,36.0844,42.11
tft,ETTm1.csv,OT,96,96,24,180508151,45,2018-03-21T05:00:00,2018-03-22T04:45:00,5.057,1.8269,31.2678,46.32
tft,ETTm1.csv,OT,96,96,24,180508151,46,2018-03-21T11:00:00,2018-03-22T10:45:00,9.8215,2.703,40.8233,42.11
tft,ETTm1.csv,OT,96,96,24,180508151,47,2018-03-21T17:00:00,2018-03-22T16:45:00,16.7917,3.5457,47.9091,43.16
tft,ETTm1.csv,OT,96,96,24,180508151,48,2018-03-21T23:00:00,2018-03-22T22:45:00,4.4583,1.5923,20.022,37.89
tft,ETTm1.csv,OT,96,96,24,180508151,49,2018-03-22T05:00:00,2018-03-23T04:45:00,4.1091,1.579,18.8865,46.32
tft,ETTm1.csv,OT,96,96,24,180508151,50,2018-03-22T11:00:00,2018-03-23T10:45:00,3.7354,1.5594,18.1902,43.16
tft,ETTm1.csv,OT,96,96,24,180508151,51,2018-03-22T17:00:00,2018-03-23T16:45:00,7.0485,2.1566,22.7794,44.21
tft,ETTm1.csv,OT,96,96,24,180508151,52,2018-03-22T23:00:00,2018-03-23T22:45:00,8.3885,2.2694,22.2884,49.47
tft,ETTm1.csv,OT,96,96,24,180508151,53,2018-03-23T05:00:00,2018-03-24T04:45:00,6.8436,2.0523,19.8168,44.21
tft,ETTm1.csv,OT,96,96,24,180508151,54,2018-03-23T11:00:00,2018-03-24T10:45:00,4.6498,1.7167,17.2377,35.79
tft,ETTm1.csv,OT,96,96,24,180508151,55,2018-03-23T17:00:00,2018-03-24T16:45:00,4.3823,1.7454,16.7068,42.11
tft,ETTm1.csv,OT,96,96,24,180508151,56,2018-03-23T23:00:00,2018-03-24T22:45:00,4.3948,1.614,14.8742,46.32
tft,ETTm1.csv,OT,96,96,24,180508151,57,2018-03-24T05:00:00,2018-03-25T04:45:00,4.0904,1.5334,14.0114,40.0
tft,ETTm1.csv,OT,96,96,24,180508151,58,2018-03-24T11:00:00,2018-03-25T10:45:00,4.1709,1.5654,14.4142,42.11
tft,ETTm1.csv,OT,96,96,24,180508151,59,2018-03-24T17:00:00,2018-03-25T16:45:00,3.8692,1.5765,14.6885,45.26
tft,ETTm1.csv,OT,96,96,24,180508151,60,2018-03-24T23:00:00,2018-03-25T22:45:00,9.0665,2.4754,23.4504,48.42
tft,ETTm1.csv,OT,96,96,24,180508151,61,2018-03-25T05:00:00,2018-03-26T04:45:00,8.1646,2.3588,22.2503,37.89
tft,ETTm1.csv,OT,96,96,24,180508151,62,2018-03-25T11:00:00,2018-03-26T10:45:00,5.6759,1.9954,18.6922,41.05
tft,ETTm1.csv,OT,96,96,24,180508151,63,2018-03-25T17:00:00,2018-03-26T16:45:00,10.3997,2.588,22.5514,44.21
tft,ETTm1.csv,OT,96,96,24,180508151,64,2018-03-25T23:00:00,2018-03-26T22:45:00,7.53,2.1245,18.0613,45.26
tft,ETTm1.csv,OT,96,96,24,180508151,65,2018-03-26T05:00:00,2018-03-27T04:45:00,4.9704,1.7096,14.5776,41.05
tft,ETTm1.csv,OT,96,96,24,180508151,66,2018-03-26T11:00:00,2018-03-27T10:45:00,3.7245,1.4918,13.0573,40.0
tft,ETTm1.csv,OT,96,96,24,180508151,67,2018-03-26T17:00:00,2018-03-27T16:45:00,4.8484,1.8333,15.9882,43.16
tft,ETTm1.csv,OT,96,96,24,180508151,68,2018-03-26T23:00:00,2018-03-27T22:45:00,4.3692,1.591,14.074,49.47
tft,ETTm1.csv,OT,96,96,24,180508151,69,2018-03-27T05:00:00,2018-03-28T04:45:00,8.0892,2.2165,21.2842,47.37
tft,ETTm1.csv,OT,96,96,24,180508151,70,2018-03-27T11:00:00,2018-03-28T10:45:00,14.3739,3.3617,33.3811,45.26
tft,ETTm1.csv,OT,96,96,24,180508151,71,2018-03-27T17:00:00,2018-03-28T16:45:00,12.8079,3.2104,32.0209,41.05
tft,ETTm1.csv,OT,96,96,24,180508151,72,2018-03-27T23:00:00,2018-03-28T22:45:00,6.7584,2.1807,21.7619,43.16
tft,ETTm1.csv,OT,96,96,24,180508151,73,2018-03-28T05:00:00,2018-03-29T04:45:00,5.3707,1.7724,17.1028,45.26
tft,ETTm1.csv,OT,96,96,24,180508151,74,2018-03-28T11:00:00,2018-03-29T10:45:00,6.4844,2.0509,21.3231,49.47
tft,ETTm1.csv,OT,96,96,24,180508151,75,2018-03-28T17:00:00,2018-03-29T16:45:00,3.5289,1.4579,15.2308,51.58
tft,ETTm1.csv,OT,96,96,24,180508151,76,2018-03-28T23:00:00,2018-03-29T22:45:00,4.9183,1.7323,19.2771,40.0
tft,ETTm1.csv,OT,96,96,24,180508151,77,2018-03-29T05:00:00,2018-03-30T04:45:00,9.9289,2.5703,32.9802,42.11
tft,ETTm1.csv,OT,96,96,24,180508151,78,2018-03-29T11:00:00,2018-03-30T10:45:00,9.72,2.5547,37.6128,45.26
tft,ETTm1.csv,OT,96,96,24,180508151,79,2018-03-29T17:00:00,2018-03-30T16:45:00,5.9287,1.991,30.2642,40.0
tft,ETTm1.csv,OT,96,96,24,180508151,80,2018-03-29T23:00:00,2018-03-30T22:45:00,3.6722,1.5067,23.8373,40.0
tft,ETTm1.csv,OT,96,96,24,180508151,81,2018-03-30T05:00:00,2018-03-31T04:45:00,4.9762,1.7716,28.7896,33.68
tft,ETTm1.csv,OT,96,96,24,180508151,82,2018-03-30T11:00:00,2018-03-31T10:45:00,4.0916,1.5337,25.0029,17.89
tft,ETTm1.csv,OT,96,96,24,180508151,83,2018-03-30T17:00:00,2018-03-31T16:45:00,4.9273,1.8086,30.5132,10.53
tft,ETTm1.csv,OT,96,96,24,180508151,84,2018-03-30T23:00:00,2018-03-31T22:45:00,2.9464,1.2886,22.3233,1.05
tft,ETTm1.csv,OT,96,96,24,180508151,85,2018-03-31T05:00:00,2018-04-01T04:45:00,5.3688,1.7899,26.281,7.37
tft,ETTm1.csv,OT,96,96,24,180508151,86,2018-03-31T11:00:00,2018-04-01T10:45:00,8.2322,2.1843,26.7033,16.84
tft,ETTm1.csv,OT,96,96,24,180508151,87,2018-03-31T17:00:00,2018-04-01T16:45:00,12.8099,2.8454,29.1144,36.84
tft,ETTm1.csv,OT,96,96,24,180508151,88,2018-03-31T23:00:00,2018-04-01T22:45:00,14.1635,3.2461,31.0719,37.89
tft,ETTm1.csv,OT,96,96,24,180508151,89,2018-04-01T05:00:00,2018-04-02T04:45:00,4.9904,1.6484,15.1764,40.0
tft,ETTm1.csv,OT,96,96,24,180508151,90,2018-04-01T11:00:00,2018-04-02T10:45:00,5.4514,1.9085,17.833,46.32
tft,ETTm1.csv,OT,96,96,24,180508151,91,2018-04-01T17:00:00,2018-04-02T16:45:00,3.7963,1.6107,15.0568,41.05
tft,ETTm1.csv,OT,96,96,24,180508151,92,2018-04-01T23:00:00,2018-04-02T22:45:00,3.7811,1.4774,13.7993,46.32
tft,ETTm1.csv,OT,96,96,24,180508151,93,2018-04-02T05:00:00,2018-04-03T04:45:00,10.2012,2.6725,26.0273,43.16
tft,ETTm1.csv,OT,96,96,24,180508151,94,2018-04-02T11:00:00,2018-04-03T10:45:00,7.4422,2.2647,22.095,38.95
tft,ETTm1.csv,OT,96,96,24,180508151,95,2018-04-02T17:00:00,2018-04-03T16:45:00,3.8698,1.6615,15.7918,41.05
tft,ETTm1.csv,OT,96,96,24,180508151,96,2018-04-02T23:00:00,2018-04-03T22:45:00,8.1082,2.2379,19.7561,48.42
tft,ETTm1.csv,OT,96,96,24,180508151,97,2018-04-03T05:00:00,2018-04-04T04:45:00,5.2109,1.7207,16.5612,38.95
tft,ETTm1.csv,OT,96,96,24,180508151,98,2018-04-03T11:00:00,2018-04-04T10:45:00,10.2886,2.4353,34.459,42.11
tft,ETTm1.csv,OT,96,96,24,180508151,99,2018-04-03T17:00:00,2018-04-04T16:45:00,25.2584,4.2307,76.1252,45.26
tft,ETTm1.csv,OT,96,96,24,180508151,100,2018-04-03T23:00:00,2018-04-04T22:45:00,64.4654,7.2258,156.7639,50.53
tft,ETTm1.csv,OT,96,96,24,180508151,101,2018-04-04T05:00:00,2018-04-05T04:45:00,40.7562,5.7438,138.7084,48.42
tft,ETTm1.csv,OT,96,96,24,180508151,102,2018-04-04T11:00:00,2018-04-05T10:45:00,47.3494,6.1046,6791031332.532,40.0
tft,ETTm1.csv,OT,96,96,24,180508151,103,2018-04-04T17:00:00,2018-04-05T16:45:00,70.735,7.1839,14847623093.4347,33.68
tft,ETTm1.csv,OT,96,96,24,180508151,104,2018-04-04T23:00:00,2018-04-05T22:45:00,37.5482,5.1317,11870617765.1864,40.0
tft,ETTm1.csv,OT,96,96,24,180508151,105,2018-04-05T05:00:00,2018-04-06T04:45:00,35.3392,5.3257,15100078214.9263,37.89
tft,ETTm1.csv,OT,96,96,24,180508151,106,2018-04-05T11:00:00,2018-04-06T10:45:00,7.4008,2.1899,2823548459.4078,35.79
tft,ETTm1.csv,OT,96,96,24,180508151,107,2018-04-05T17:00:00,2018-04-06T16:45:00,5.472,1.9226,1923759766.8086,50.53
tft,ETTm1.csv,OT,96,96,24,180508151,108,2018-04-05T23:00:00,2018-04-06T22:45:00,9.372,2.4281,1025196432.7602,46.32
tft,ETTm1.csv,OT,96,96,24,180508151,109,2018-04-06T05:00:00,2018-04-07T04:45:00,58.93,3.9485,104.2463,41.05
tft,ETTm1.csv,OT,96,96,24,180508151,110,2018-04-06T11:00:00,2018-04-07T10:45:00,6.7405,2.1707,47.7588,42.11
tft,ETTm1.csv,OT,96,96,24,180508151,111,2018-04-06T17:00:00,2018-04-07T16:45:00,4.1579,1.6555,36.7157,46.32
tft,ETTm1.csv,OT,96,96,24,180508151,112,2018-04-06T23:00:00,2018-04-07T22:45:00,2.828,1.3256,29.0179,45.26
tft,ETTm1.csv,OT,96,96,24,180508151,113,2018-04-07T05:00:00,2018-04-08T04:45:00,3.6283,1.4885,31.6757,48.42
tft,ETTm1.csv,OT,96,96,24,180508151,114,2018-04-07T11:00:00,2018-04-08T10:45:00,4.1194,1.6986,35.7149,38.95
tft,ETTm1.csv,OT,96,96,24,180508151,115,2018-04-07T17:00:00,2018-04-08T16:45:00,5.6583,1.9841,35.7554,38.95
tft,ETTm1.csv,OT,96,96,24,180508151,116,2018-04-07T23:00:00,2018-04-08T22:45:00,4.1224,1.6185,25.8298,42.11
tft,ETTm1.csv,OT,96,96,24,180508151,117,2018-04-08T05:00:00,2018-04-09T04:45:00,6.6696,2.1095,30.6885,37.89
tft,ETTm1.csv,OT,96,96,24,180508151,118,2018-04-08T11:00:00,2018-04-09T10:45:00,9.2413,2.3807,30.1223,34.74
tft,ETTm1.csv,OT,96,96,24,180508151,119,2018-04-08T17:00:00,2018-04-09T16:45:00,9.2996,2.3344,25.619,47.37
tft,ETTm1.csv,OT,96,96,24,180508151,120,2018-04-08T23:00:00,2018-04-09T22:45:00,7.4306,2.1281,22.0315,48.42
tft,ETTm1.csv,OT,96,96,24,180508151,121,2018-04-09T05:00:00,2018-04-10T04:45:00,6.0214,1.8866,19.0441,44.21
tft,ETTm1.csv,OT,96,96,24,180508151,122,2018-04-09T11:00:00,2018-04-10T10:45:00,4.0983,1.5971,16.3802,43.16
tft,ETTm1.csv,OT,96,96,24,180508151,123,2018-04-09T17:00:00,2018-04-10T16:45:00,3.1481,1.4421,15.0602,44.21
tft,ETTm1.csv,OT,96,96,24,180508151,124,2018-04-09T23:00:00,2018-04-10T22:45:00,4.0764,1.5791,15.8048,40.0
tft,ETTm1.csv,OT,96,96,24,180508151,125,2018-04-10T05:00:00,2018-04-11T04:45:00,6.2568,2.0337,19.4775,38.95
tft,ETTm1.csv,OT,96,96,24,180508151,126,2018-04-10T11:00:00,2018-04-11T10:45:00,6.5896,2.0634,19.7681,40.0
tft,ETTm1.csv,OT,96,96,24,180508151,127,2018-04-10T17:00:00,2018-04-11T16:45:00,3.384,1.396,13.308,48.42
tft,ETTm1.csv,OT,96,96,24,180508151,128,2018-04-10T23:00:00,2018-04-11T22:45:00,4.8798,1.7183,17.9924,43.16
tft,ETTm1.csv,OT,96,96,24,180508151,129,2018-04-11T05:00:00,2018-04-12T04:45:00,5.8713,1.8692,23.0553,42.11
tft,ETTm1.csv,OT,96,96,24,180508151,130,2018-04-11T11:00:00,2018-04-12T10:45:00,7.4483,2.2612,31.852,43.16
tft,ETTm1.csv,OT,96,96,24,180508151,131,2018-04-11T17:00:00,2018-04-12T16:45:00,13.1281,3.2671,49.2573,45.26
tft,ETTm1.csv,OT,96,96,24,180508151,132,2018-04-11T23:00:00,2018-04-12T22:45:00,6.5453,1.977,34.3153,51.58
tft,ETTm1.csv,OT,96,96,24,180508151,133,2018-04-12T05:00:00,2018-04-13T04:45:00,6.9206,2.0644,38.3094,33.68
tft,ETTm1.csv,OT,96,96,24,180508151,134,2018-04-12T11:00:00,2018-04-13T10:45:00,6.1868,1.9325,39.3238,43.16
tft,ETTm1.csv,OT,96,96,24,180508151,135,2018-04-12T17:00:00,2018-04-13T16:45:00,4.1204,1.6072,33.6332,34.74
tft,ETTm1.csv,OT,96,96,24,180508151,136,2018-04-12T23:00:00,2018-04-13T22:45:00,4.0095,1.6027,36.6407,45.26
tft,ETTm1.csv,OT,96,96,24,180508151,137,2018-04-13T05:00:00,2018-04-14T04:45:00,4.0253,1.5456,36.6065,46.32
tft,ETTm1.csv,OT,96,96,24,180508151,138,2018-04-13T11:00:00,2018-04-14T10:45:00,4.5674,1.702,38.9172,48.42
tft,ETTm1.csv,OT,96,96,24,180508151,139,2018-04-13T17:00:00,2018-04-14T16:45:00,3.9256,1.5978,37.9239,42.11
tft,ETTm1.csv,OT,96,96,24,180508151,140,2018-04-13T23:00:00,2018-04-14T22:45:00,4.2588,1.6802,38.0849,50.53
tft,ETTm1.csv,OT,96,96,24,180508151,141,2018-04-14T05:00:00,2018-04-15T04:45:00,3.88,1.574,34.0446,44.21
tft,ETTm1.csv,OT,96,96,24,180508151,142,2018-04-14T11:00:00,2018-04-15T10:45:00,4.1994,1.6715,34.2625,41.05
tft,ETTm1.csv,OT,96,96,24,180508151,143,2018-04-14T17:00:00,2018-04-15T16:45:00,6.8795,2.1367,35.7317,34.74
tft,ETTm1.csv,OT,96,96,24,180508151,144,2018-04-14T23:00:00,2018-04-15T22:45:00,7.7261,2.204,33.86,49.47
tft,ETTm1.csv,OT,96,96,24,180508151,145,2018-04-15T05:00:00,2018-04-16T04:45:00,8.1802,2.2733,32.4062,43.16
tft,ETTm1.csv,OT,96,96,24,180508151,146,2018-04-15T11:00:00,2018-04-16T10:45:00,4.4597,1.7099,25.1824,44.21
tft,ETTm1.csv,OT,96,96,24,180508151,147,2018-04-15T17:00:00,2018-04-16T16:45:00,3.1952,1.4784,21.5743,41.05
tft,ETTm1.csv,OT,96,96,24,180508151,148,2018-04-15T23:00:00,2018-04-16T22:45:00,4.8257,1.7454,24.9446,42.11
tft,ETTm1.csv,OT,96,96,24,180508151,149,2018-04-16T05:00:00,2018-04-17T04:45:00,4.1318,1.5736,22.7489,40.0
tft,ETTm1.csv,OT,96,96,24,180508151,150,2018-04-16T11:00:00,2018-04-17T10:45:00,3.6574,1.5172,21.8418,40.0
tft,ETTm1.csv,OT,96,96,24,180508151,151,2018-04-16T17:00:00,2018-04-17T16:45:00,4.8801,1.8924,25.407,43.16
tft,ETTm1.csv,OT,96,96,24,180508151,152,2018-04-16T23:00:00,2018-04-17T22:45:00,6.4356,1.9091,22.9962,47.37
tft,ETTm1.csv,OT,96,96,24,180508151,153,2018-04-17T05:00:00,2018-04-18T04:45:00,5.706,1.8184,21.2616,43.16
tft,ETTm1.csv,OT,96,96,24,180508151,154,2018-04-17T11:00:00,2018-04-18T10:45:00,3.4985,1.5186,18.3019,41.05
tft,ETTm1.csv,OT,96,96,24,180508151,155,2018-04-17T17:00:00,2018-04-18T16:45:00,4.9017,1.8844,21.4401,37.89
tft,ETTm1.csv,OT,96,96,24,180508151,156,2018-04-17T23:00:00,2018-04-18T22:45:00,8.3639,2.2389,23.3166,46.32
tft,ETTm1.csv,OT,96,96,24,180508151,157,2018-04-18T05:00:00,2018-04-19T04:45:00,7.2166,2.0772,21.2985,43.16
tft,ETTm1.csv,OT,96,96,24,180508151,158,2018-04-18T11:00:00,2018-04-19T10:45:00,5.7536,1.9202,20.1364,45.26
tft,ETTm1.csv,OT,96,96,24,180508151,159,2018-04-18T17:00:00,2018-04-19T16:45:00,8.8979,2.2731,22.4866,42.11
tft,ETTm1.csv,OT,96,96,24,180508151,160,2018-04-18T23:00:00,2018-04-19T22:45:00,5.4393,1.8213,18.3123,43.16
tft,ETTm1.csv,OT,96,96,24,180508151,161,2018-04-19T05:00:00,2018-04-20T04:45:00,6.1024,1.8475,18.3711,44.21
tft,ETTm1.csv,OT,96,96,24,180508151,162,2018-04-19T11:00:00,2018-04-20T10:45:00,3.8237,1.4709,15.6419,42.11
tft,ETTm1.csv,OT,96,96,24,180508151,163,2018-04-19T17:00:00,2018-04-20T16:45:00,7.2577,2.1143,20.645,36.84
tft,ETTm1.csv,OT,96,96,24,180508151,164,2018-04-19T23:00:00,2018-04-20T22:45:00,9.5953,2.4596,22.8536,38.95
tft,ETTm1.csv,OT,96,96,24,180508151,165,2018-04-20T05:00:00,2018-04-21T04:45:00,11.4841,2.7668,24.8394,45.26
tft,ETTm1.csv,OT,96,96,24,180508151,166,2018-04-20T11:00:00,2018-04-21T10:45:00,8.5684,2.3969,21.6916,48.42
tft,ETTm1.csv,OT,96,96,24,180508151,167,2018-04-20T17:00:00,2018-04-21T16:45:00,3.8225,1.5143,14.1714,41.05
tft,ETTm1.csv,OT,96,96,24,180508151,168,2018-04-20T23:00:00,2018-04-21T22:45:00,6.4344,1.9727,19.662,38.95
tft,ETTm1.csv,OT,96,96,24,180508151,169,2018-04-21T05:00:00,2018-04-22T04:45:00,4.8905,1.7378,18.0836,37.89
tft,ETTm1.csv,OT,96,96,24,180508151,170,2018-04-21T11:00:00,2018-04-22T10:45:00,4.006,1.5715,16.8939,38.95
tft,ETTm1.csv,OT,96,96,24,180508151,171,2018-04-21T17:00:00,2018-04-22T16:45:00,7.1012,2.1626,22.9698,47.37
tft,ETTm1.csv,OT,96,96,24,180508151,172,2018-04-21T23:00:00,2018-04-22T22:45:00,4.6829,1.7544,18.8546,46.32
tft,ETTm1.csv,OT,96,96,24,180508151,173,2018-04-22T05:00:00,2018-04-23T04:45:00,6.537,2.1043,25.5182,43.16
tft,ETTm1.csv,OT,96,96,24,180508151,174,2018-04-22T11:00:00,2018-04-23T10:45:00,7.4769,2.0673,38.4546,41.05
tft,ETTm1.csv,OT,96,96,24,180508151,175,2018-04-22T17:00:00,2018-04-23T16:45:00,12.1028,2.9291,67.9263,41.05
tft,ETTm1.csv,OT,96,96,24,180508151,176,2018-04-22T23:00:00,2018-04-23T22:45:00,12.5193,2.918,70.0151,47.37
tft,ETTm1.csv,OT,96,96,24,180508151,177,2018-04-23T05:00:00,2018-04-24T04:45:00,9.4629,2.4985,58.4346,49.47
tft,ETTm1.csv,OT,96,96,24,180508151,178,2018-04-23T11:00:00,2018-04-24T10:45:00,5.0418,1.7608,36.1453,36.84
tft,ETTm1.csv,OT,96,96,24,180508151,179,2018-04-23T17:00:00,2018-04-24T16:45:00,3.9524,1.5995,25.4173,52.63
tft,ETTm1.csv,OT,96,96,24,180508151,180,2018-04-23T23:00:00,2018-04-24T22:45:00,4.7226,1.7504,24.9134,46.32
tft,ETTm1.csv,OT,96,96,24,180508151,181,2018-04-24T05:00:00,2018-04-25T04:45:00,3.6335,1.5082,20.1564,47.37
tft,ETTm1.csv,OT,96,96,24,180508151,182,2018-04-24T11:00:00,2018-04-25T10:45:00,4.9362,1.7871,22.329,35.79
tft,ETTm1.csv,OT,96,96,24,180508151,183,2018-04-24T17:00:00,2018-04-25T16:45:00,6.4804,2.0053,23.2734,38.95
tft,ETTm1.csv,OT,96,96,24,180508151,184,2018-04-24T23:00:00,2018-04-25T22:45:00,5.3577,1.8019,20.2374,48.42
tft,ETTm1.csv,OT,96,96,24,180508151,185,2018-04-25T05:00:00,2018-04-26T04:45:00,6.1419,2.0861,22.7496,48.42
tft,ETTm1.csv,OT,96,96,24,180508151,186,2018-04-25T11:00:00,2018-04-26T10:45:00,5.017,1.7689,18.7529,54.74
tft,ETTm1.csv,OT,96,96,24,180508151,187,2018-04-25T17:00:00,2018-04-26T16:45:00,4.5582,1.7015,17.2894,43.16
tft,ETTm1.csv,OT,96,96,24,180508151,188,2018-04-25T23:00:00,2018-04-26T22:45:00,5.1414,1.787,17.7579,45.26
tft,ETTm1.csv,OT,96,96,24,180508151,189,2018-04-26T05:00:00,2018-04-27T04:45:00,4.5519,1.7403,17.1966,38.95
tft,ETTm1.csv,OT,96,96,24,180508151,190,2018-04-26T11:00:00,2018-04-27T10:45:00,4.8891,1.7972,17.4671,45.26
tft,ETTm1.csv,OT,96,96,24,180508151,191,2018-04-26T17:00:00,2018-04-27T16:45:00,7.0645,2.1156,18.7745,44.21
tft,ETTm1.csv,OT,96,96,24,180508151,192,2018-04-26T23:00:00,2018-04-27T22:45:00,10.9236,2.6388,22.261,44.21
tft,ETTm1.csv,OT,96,96,24,180508151,193,2018-04-27T05:00:00,2018-04-28T04:45:00,9.3343,2.442,20.7645,43.16
tft,ETTm1.csv,OT,96,96,24,180508151,194,2018-04-27T11:00:00,2018-04-28T10:45:00,6.0021,1.9937,17.5753,43.16
tft,ETTm1.csv,OT,96,96,24,180508151,195,2018-04-27T17:00:00,2018-04-28T16:45:00,3.8429,1.595,14.3162,36.84
tft,ETTm1.csv,OT,96,96,24,180508151,196,2018-04-27T23:00:00,2018-04-28T22:45:00,4.7062,1.7117,15.5311,48.42
tft,ETTm1.csv,OT,96,96,24,180508151,197,2018-04-28T05:00:00,2018-04-29T04:45:00,4.6178,1.6081,14.0663,45.26
tft,ETTm1.csv,OT,96,96,24,180508151,198,2018-04-28T11:00:00,2018-04-29T10:45:00,4.5221,1.6484,13.9644,45.26
tft,ETTm1.csv,OT,96,96,24,180508151,199,2018-04-28T17:00:00,2018-04-29T16:45:00,3.9171,1.6134,13.5995,48.42
tft,ETTm1.csv,OT,96,96,24,180508151,200,2018-04-28T23:00:00,2018-04-29T22:45:00,4.9006,1.6196,13.1873,49.47
tft,ETTm1.csv,OT,96,96,24,180508151,201,2018-04-29T05:00:00,2018-04-30T04:45:00,5.2734,1.7531,14.0949,37.89
tft,ETTm1.csv,OT,96,96,24,180508151,202,2018-04-29T11:00:00,2018-04-30T10:45:00,4.3205,1.6448,13.0587,40.0
tft,ETTm1.csv,OT,96,96,24,180508151,203,2018-04-29T17:00:00,2018-04-30T16:45:00,7.6814,2.2161,16.3685,37.89
tft,ETTm1.csv,OT,96,96,24,180508151,204,2018-04-29T23:00:00,2018-04-30T22:45:00,6.5034,1.9284,13.9051,48.42
tft,ETTm1.csv,OT,96,96,24,180508151,205,2018-04-30T05:00:00,2018-05-01T04:45:00,5.3596,1.725,12.3166,45.26
tft,ETTm1.csv,OT,96,96,24,180508151,206,2018-04-30T11:00:00,2018-05-01T10:45:00,4.4308,1.6242,11.6597,37.89
tft,ETTm1.csv,OT,96,96,24,180508151,207,2018-04-30T17:00:00,2018-05-01T16:45:00,7.4502,2.2585,16.8449,44.21
tft,ETTm1.csv,OT,96,96,24,180508151,208,2018-04-30T23:00:00,2018-05-01T22:45:00,12.3884,2.6271,26.2158,40.0
tft,ETTm1.csv,OT,96,96,24,180508151,209,2018-05-01T05:00:00,2018-05-02T04:45:00,16.4181,3.3148,33.6786,53.68
tft,ETTm1.csv,OT,96,96,24,180508151,210,2018-05-01T11:00:00,2018-05-02T10:45:00,9.0823,2.3393,25.5289,47.37
tft,ETTm1.csv,OT,96,96,24,180508151,211,2018-05-01T17:00:00,2018-05-02T16:45:00,24.843,4.4696,48.6586,36.84
tft,ETTm1.csv,OT,96,96,24,180508151,212,2018-05-01T23:00:00,2018-05-02T22:45:00,4.6276,1.712,17.5446,46.32
tft,ETTm1.csv,OT,96,96,24,180508151,213,2018-05-02T05:00:00,2018-05-03T04:45:00,4.0864,1.5506,16.6049,40.0
tft,ETTm1.csv,OT,96,96,24,180508151,214,2018-05-02T11:00:00,2018-05-03T10:45:00,4.2179,1.6357,17.8469,43.16
tft,ETTm1.csv,OT,96,96,24,180508151,215,2018-05-02T17:00:00,2018-05-03T16:45:00,5.9271,1.9603,19.7776,45.26
tft,ETTm1.csv,OT,96,96,24,180508151,216,2018-05-02T23:00:00,2018-05-03T22:45:00,10.9347,2.6552,24.9515,50.53
tft,ETTm1.csv,OT,96,96,24,180508151,217,2018-05-03T05:00:00,2018-05-04T04:45:00,9.4587,2.516,23.0277,47.37
tft,ETTm1.csv,OT,96,96,24,180508151,218,2018-05-03T11:00:00,2018-05-04T10:45:00,7.9574,2.2265,19.9894,42.11
tft,ETTm1.csv,OT,96,96,24,180508151,219,2018-05-03T17:00:00,2018-05-04T16:45:00,6.4284,1.9958,16.5995,50.53
tft,ETTm1.csv,OT,96,96,24,180508151,220,2018-05-03T23:00:00,2018-05-04T22:45:00,5.9588,1.9026,15.4354,42.11
tft,ETTm1.csv,OT,96,96,24,180508151,221,2018-05-04T05:00:00,2018-05-05T04:45:00,7.7619,2.1674,17.2918,43.16
tft,ETTm1.csv,OT,96,96,24,180508151,222,2018-05-04T11:00:00,2018-05-05T10:45:00,6.5739,1.9436,17.4009,41.05
tft,ETTm1.csv,OT,96,96,24,180508151,223,2018-05-04T17:00:00,2018-05-05T16:45:00,8.7651,2.4117,23.8765,36.84
tft,ETTm1.csv,OT,96,96,24,180508151,224,2018-05-04T23:00:00,2018-05-05T22:45:00,4.84,1.6072,16.1429,41.05
tft,ETTm1.csv,OT,96,96,24,180508151,225,2018-05-05T05:00:00,2018-05-06T04:45:00,7.7258,2.3184,21.5151,43.16
tft,ETTm1.csv,OT,96,96,24,180508151,226,2018-05-05T11:00:00,2018-05-06T10:45:00,10.2233,2.5347,21.505,43.16
tft,ETTm1.csv,OT,96,96,24,180508151,227,2018-05-05T17:00:00,2018-05-06T16:45:00,7.9502,2.2198,21.2527,51.58
tft,ETTm1.csv,OT,96,96,24,180508151,228,2018-05-05T23:00:00,2018-05-06T22:45:00,11.244,2.719,30.3198,44.21
tft,ETTm1.csv,OT,96,96,24,180508151,229,2018-05-06T05:00:00,2018-05-07T04:45:00,11.7137,2.7657,33.9923,41.05
tft,ETTm1.csv,OT,96,96,24,180508151,230,2018-05-06T11:00:00,2018-05-07T10:45:00,5.026,1.8508,23.1415,47.37
tft,ETTm1.csv,OT,96,96,24,180508151,231,2018-05-06T17:00:00,2018-05-07T16:45:00,5.061,1.7886,22.1005,48.42
tft,ETTm1.csv,OT,96,96,24,180508151,232,2018-05-06T23:00:00,2018-05-07T22:45:00,4.3417,1.6043,19.7658,37.89
tft,ETTm1.csv,OT,96,96,24,180508151,233,2018-05-07T05:00:00,2018-05-08T04:45:00,4.4818,1.6842,20.793,34.74
tft,ETTm1.csv,OT,96,96,24,180508151,234,2018-05-07T11:00:00,2018-05-08T10:45:00,4.371,1.6367,20.3726,38.95
tft,ETTm1.csv,OT,96,96,24,180508151,235,2018-05-07T17:00:00,2018-05-08T16:45:00,7.9798,2.3644,26.5201,36.84
tft,ETTm1.csv,OT,96,96,24,180508151,236,2018-05-07T23:00:00,2018-05-08T22:45:00,9.8273,2.4489,25.0358,48.42
tft,ETTm1.csv,OT,96,96,24,180508151,237,2018-05-08T05:00:00,2018-05-09T04:45:00,8.6845,2.2519,23.1116,54.74
tft,ETTm1.csv,OT,96,96,24,180508151,238,2018-05-08T11:00:00,2018-05-09T10:45:00,4.5523,1.6442,17.8362,43.16
tft,ETTm1.csv,OT,96,96,24,180508151,239,2018-05-08T17:00:00,2018-05-09T16:45:00,3.976,1.6437,18.1732,44.21
tft,ETTm1.csv,OT,96,96,24,180508151,240,2018-05-08T23:00:00,2018-05-09T22:45:00,13.1617,2.7834,26.8432,45.26
tft,ETTm1.csv,OT,96,96,24,180508151,241,2018-05-09T05:00:00,2018-05-10T04:45:00,18.2248,3.4161,33.8727,37.89
tft,ETTm1.csv,OT,96,96,24,180508151,242,2018-05-09T11:00:00,2018-05-10T10:45:00,4.3171,1.5661,18.1624,31.58
tft,ETTm1.csv,OT,96,96,24,180508151,243,2018-05-09T17:00:00,2018-05-10T16:45:00,4.1818,1.6627,21.0689,34.74
tft,ETTm1.csv,OT,96,96,24,180508151,244,2018-05-09T23:00:00,2018-05-10T22:45:00,4.7505,1.748,22.2268,42.11
tft,ETTm1.csv,OT,96,96,24,180508151,245,2018-05-10T05:00:00,2018-05-11T04:45:00,5.4872,1.7182,20.4975,54.74
tft,ETTm1.csv,OT,96,96,24,180508151,246,2018-05-10T11:00:00,2018-05-11T10:45:00,4.2779,1.6676,19.0617,47.37
tft,ETTm1.csv,OT,96,96,24,180508151,247,2018-05-10T17:00:00,2018-05-11T16:45:00,6.1251,1.9525,20.1966,35.79
tft,ETTm1.csv,OT,96,96,24,180508151,248,2018-05-10T23:00:00,2018-05-11T22:45:00,11.8892,2.7803,26.5053,44.21
tft,ETTm1.csv,OT,96,96,24,180508151,249,2018-05-11T05:00:00,2018-05-12T04:45:00,10.6375,2.6368,23.9934,47.37
tft,ETTm1.csv,OT,96,96,24,180508151,250,2018-05-11T11:00:00,2018-05-12T10:45:00,10.4798,2.6628,24.5865,43.16
tft,ETTm1.csv,OT,96,96,24,180508151,251,2018-05-11T17:00:00,2018-05-12T16:45:00,6.1353,1.9731,18.3652,38.95
tft,ETTm1.csv,OT,96,96,24,180508151,252,2018-05-11T23:00:00,2018-05-12T22:45:00,6.3934,2.0419,20.2327,37.89
tft,ETTm1.csv,OT,96,96,24,180508151,253,2018-05-12T05:00:00,2018-05-13T04:45:00,10.556,2.7989,27.2652,47.37
tft,ETTm1.csv,OT,96,96,24,180508151,254,2018-05-12T11:00:00,2018-05-13T10:45:00,5.0566,1.8079,17.1604,43.16
tft,ETTm1.csv,OT,96,96,24,180508151,255,2018-05-12T17:00:00,2018-05-13T16:45:00,13.0663,2.9293,24.8179,53.68
tft,ETTm1.csv,OT,96,96,24,180508151,256,2018-05-12T23:00:00,2018-05-13T22:45:00,14.235,3.1439,25.0532,47.37
tft,ETTm1.csv,OT,96,96,24,180508151,257,2018-05-13T05:00:00,2018-05-14T04:45:00,16.9177,3.4912,26.8728,36.84
tft,ETTm1.csv,OT,96,96,24,180508151,258,2018-05-13T11:00:00,2018-05-14T10:45:00,14.2848,3.2599,24.5896,36.84
tft,ETTm1.csv,OT,96,96,24,180508151,259,2018-05-13T17:00:00,2018-05-14T16:45:00,4.643,1.7915,13.328,48.42
tft,ETTm1.csv,OT,96,96,24,180508151,260,2018-05-13T23:00:00,2018-05-14T22:45:00,4.0394,1.4592,10.2353,36.84
tft,ETTm1.csv,OT,96,96,24,180508151,261,2018-05-14T05:00:00,2018-05-15T04:45:00,4.396,1.5451,10.451,45.26
tft,ETTm1.csv,OT,96,96,24,180508151,262,2018-05-14T11:00:00,2018-05-15T10:45:00,4.6501,1.6656,11.0169,44.21
tft,ETTm1.csv,OT,96,96,24,180508151,263,2018-05-14T17:00:00,2018-05-15T16:45:00,5.1751,1.6443,10.8117,43.16
tft,ETTm1.csv,OT,96,96,24,180508151,264,2018-05-14T23:00:00,2018-05-15T22:45:00,5.9981,1.8276,11.7191,36.84
tft,ETTm1.csv,OT,96,96,24,180508151,265,2018-05-15T05:00:00,2018-05-16T04:45:00,9.3557,2.4035,15.0379,41.05
tft,ETTm1.csv,OT,96,96,24,180508151,266,2018-05-15T11:00:00,2018-05-16T10:45:00,9.6917,2.2944,14.2099,42.11
tft,ETTm1.csv,OT,96,96,24,180508151,267,2018-05-15T17:00:00,2018-05-16T16:45:00,7.3701,1.985,12.3476,53.68
tft,ETTm1.csv,OT,96,96,24,180508151,268,2018-05-15T23:00:00,2018-05-16T22:45:00,5.6137,1.8776,11.8502,46.32
tft,ETTm1.csv,OT,96,96,24,180508151,269,2018-05-16T05:00:00,2018-05-17T04:45:00,12.3317,2.8236,20.6934,49.47
tft,ETTm1.csv,OT,96,96,24,180508151,270,2018-05-16T11:00:00,2018-05-17T10:45:00,13.9267,2.9823,25.0345,46.32
tft,ETTm1.csv,OT,96,96,24,180508151,271,2018-05-16T17:00:00,2018-05-17T16:45:00,9.9972,2.5132,21.4022,41.05
tft,ETTm1.csv,OT,96,96,24,180508151,272,2018-05-16T23:00:00,2018-05-17T22:45:00,12.2525,2.9681,25.3343,45.26
tft,ETTm1.csv,OT,96,96,24,180508151,273,2018-05-17T05:00:00,2018-05-18T04:45:00,5.4511,1.7374,14.1531,49.47
tft,ETTm1.csv,OT,96,96,24,180508151,274,2018-05-17T11:00:00,2018-05-18T10:45:00,5.3947,1.921,14.5396,46.32
tft,ETTm1.csv,OT,96,96,24,180508151,275,2018-05-17T17:00:00,2018-05-18T16:45:00,8.0718,1.9794,18.1057,45.26
tft,ETTm1.csv,OT,96,96,24,180508151,276,2018-05-17T23:00:00,2018-05-18T22:45:00,25.1509,3.5438,44.3523,35.79
tft,ETTm1.csv,OT,96,96,24,180508151,277,2018-05-18T05:00:00,2018-05-19T04:45:00,51.1763,6.0694,75.564,38.95
tft,ETTm1.csv,OT,96,96,24,180508151,278,2018-05-18T11:00:00,2018-05-19T10:45:00,38.3785,5.5085,73.1228,36.84
tft,ETTm1.csv,OT,96,96,24,180508151,279,2018-05-18T17:00:00,2018-05-19T16:45:00,11.9286,2.9284,40.0179,43.16
tft,ETTm1.csv,OT,96,96,24,180508151,280,2018-05-18T23:00:00,2018-05-19T22:45:00,3.9037,1.5501,20.6459,49.47
tft,ETTm1.csv,OT,96,96,24,180508151,281,2018-05-19T05:00:00,2018-05-20T04:45:00,5.3727,1.7976,24.8912,43.16
tft,ETTm1.csv,OT,96,96,24,180508151,282,2018-05-19T11:00:00,2018-05-20T10:45:00,4.838,1.7323,24.2101,40.0
tft,ETTm1.csv,OT,96,96,24,180508151,283,2018-05-19T17:00:00,2018-05-20T16:45:00,4.6138,1.6488,25.513,35.79
tft,ETTm1.csv,OT,96,96,24,180508151,284,2018-05-19T23:00:00,2018-05-20T22:45:00,5.1704,1.6939,28.3432,32.63
tft,ETTm1.csv,OT,96,96,24,180508151,285,2018-05-20T05:00:00,2018-05-21T04:45:00,8.8678,2.3066,40.6942,36.84
tft,ETTm1.csv,OT,96,96,24,180508151,286,2018-05-20T11:00:00,2018-05-21T10:45:00,6.1272,1.9896,34.2867,38.95
tft,ETTm1.csv,OT,96,96,24,180508151,287,2018-05-20T17:00:00,2018-05-21T16:45:00,4.528,1.7049,29.0468,44.21
tft,ETTm1.csv,OT,96,96,24,180508151,288,2018-05-20T23:00:00,2018-05-21T22:45:00,4.327,1.6274,26.4724,41.05
tft,ETTm1.csv,OT,96,96,24,180508151,289,2018-05-21T05:00:00,2018-05-22T04:45:00,4.7718,1.7708,26.9694,42.11
tft,ETTm1.csv,OT,96,96,24,180508151,290,2018-05-21T11:00:00,2018-05-22T10:45:00,5.8232,1.8799,26.5396,48.42
tft,ETTm1.csv,OT,96,96,24,180508151,291,2018-05-21T17:00:00,2018-05-22T16:45:00,10.5797,2.6864,38.7941,38.95
tft,ETTm1.csv,OT,96,96,24,180508151,292,2018-05-21T23:00:00,2018-05-22T22:45:00,5.7091,1.9784,28.3636,44.21
tft,ETTm1.csv,OT,96,96,24,180508151,293,2018-05-22T05:00:00,2018-05-23T04:45:00,16.5734,3.5134,55.1988,48.42
tft,ETTm1.csv,OT,96,96,24,180508151,294,2018-05-22T11:00:00,2018-05-23T10:45:00,5.8242,1.9318,27.8094,43.16
tft,ETTm1.csv,OT,96,96,24,180508151,295,2018-05-22T17:00:00,2018-05-23T16:45:00,7.5402,2.224,25.9531,48.42
tft,ETTm1.csv,OT,96,96,24,180508151,296,2018-05-22T23:00:00,2018-05-23T22:45:00,12.2635,2.8673,30.2054,41.05
tft,ETTm1.csv,OT,96,96,24,180508151,297,2018-05-23T05:00:00,2018-05-24T04:45:00,5.8208,1.902,19.9132,46.32
tft,ETTm1.csv,OT,96,96,24,180508151,298,2018-05-23T11:00:00,2018-05-24T10:45:00,5.8087,1.9041,20.4338,44.21
tft,ETTm1.csv,OT,96,96,24,180508151,299,2018-05-23T17:00:00,2018-05-24T16:45:00,3.7734,1.6289,17.2436,36.84
tft,ETTm1.csv,OT,96,96,24,180508151,300,2018-05-23T23:00:00,2018-05-24T22:45:00,6.7074,2.0147,21.1465,53.68
tft,ETTm1.csv,OT,96,96,24,180508151,301,2018-05-24T05:00:00,2018-05-25T04:45:00,5.2894,1.8402,19.6033,50.53
tft,ETTm1.csv,OT,96,96,24,180508151,302,2018-05-24T11:00:00,2018-05-25T10:45:00,5.6978,1.9238,20.4294,46.32
tft,ETTm1.csv,OT,96,96,24,180508151,303,2018-05-24T17:00:00,2018-05-25T16:45:00,3.7802,1.5054,16.4097,38.95
tft,ETTm1.csv,OT,96,96,24,180508151,304,2018-05-24T23:00:00,2018-05-25T22:45:00,6.4583,1.9383,25.138,46.32
tft,ETTm1.csv,OT,96,96,24,180508151,305,2018-05-25T05:00:00,2018-05-26T04:45:00,7.0757,2.054,28.3851,52.63
tft,ETTm1.csv,OT,96,96,24,180508151,306,2018-05-25T11:00:00,2018-05-26T10:45:00,6.463,2.0467,28.9384,44.21
tft,ETTm1.csv,OT,96,96,24,180508151,307,2018-05-25T17:00:00,2018-05-26T16:45:00,5.2112,1.8654,25.0555,43.16
tft,ETTm1.csv,OT,96,96,24,180508151,308,2018-05-25T23:00:00,2018-05-26T22:45:00,11.6366,3.0231,35.7664,54.74
tft,ETTm1.csv,OT,96,96,24,180508151,309,2018-05-26T05:00:00,2018-05-27T04:45:00,7.3874,2.207,24.7532,52.63
tft,ETTm1.csv,OT,96,96,24,180508151,310,2018-05-26T11:00:00,2018-05-27T10:45:00,7.6808,2.2864,24.8798,43.16
tft,ETTm1.csv,OT,96,96,24,180508151,311,2018-05-26T17:00:00,2018-05-27T16:45:00,7.126,2.1258,21.8196,43.16
tft,ETTm1.csv,OT,96,96,24,180508151,312,2018-05-26T23:00:00,2018-05-27T22:45:00,6.8715,2.0,19.8513,51.58
tft,ETTm1.csv,OT,96,96,24,180508151,313,2018-05-27T05:00:00,2018-05-28T04:45:00,3.8443,1.5565,15.2411,46.32
tft,ETTm1.csv,OT,96,96,24,180508151,314,2018-05-27T11:00:00,2018-05-28T10:45:00,4.4882,1.6489,16.0314,46.32
tft,ETTm1.csv,OT,96,96,24,180508151,315,2018-05-27T17:00:00,2018-05-28T16:45:00,4.7074,1.7874,16.9726,43.16
tft,ETTm1.csv,OT,96,96,24,180508151,316,2018-05-27T23:00:00,2018-05-28T22:45:00,7.8687,2.2754,21.3193,44.21
tft,ETTm1.csv,OT,96,96,24,180508151,317,2018-05-28T05:00:00,2018-05-29T04:45:00,5.582,1.9588,18.1688,43.16
tft,ETTm1.csv,OT,96,96,24,180508151,318,2018-05-28T11:00:00,2018-05-29T10:45:00,5.5339,1.8513,16.89,41.05
tft,ETTm1.csv,OT,96,96,24,180508151,319,2018-05-28T17:00:00,2018-05-29T16:45:00,7.5769,2.1799,19.2846,40.0
tft,ETTm1.csv,OT,96,96,24,180508151,320,2018-05-28T23:00:00,2018-05-29T22:45:00,6.7133,2.1107,18.9794,30.53
tft,ETTm1.csv,OT,96,96,24,180508151,321,2018-05-29T05:00:00,2018-05-30T04:45:00,4.0524,1.4713,13.5722,42.11
tft,ETTm1.csv,OT,96,96,24,180508151,322,2018-05-29T11:00:00,2018-05-30T10:45:00,4.4114,1.6554,15.7588,51.58
tft,ETTm1.csv,OT,96,96,24,180508151,323,2018-05-29T17:00:00,2018-05-30T16:45:00,4.0778,1.5647,14.642,47.37
tft,ETTm1.csv,OT,96,96,24,180508151,324,2018-05-29T23:00:00,2018-05-30T22:45:00,3.8809,1.4968,13.7811,40.0
tft,ETTm1.csv,OT,96,96,24,180508151,325,2018-05-30T05:00:00,2018-05-31T04:45:00,4.5591,1.5755,14.5844,40.0
tft,ETTm1.csv,OT,96,96,24,180508151,326,2018-05-30T11:00:00,2018-05-31T10:45:00,5.7569,1.9534,18.3769,14.74
tft,ETTm1.csv,OT,96,96,24,180508151,327,2018-05-30T17:00:00,2018-05-31T16:45:00,4.897,1.7085,16.3853,8.42
tft,ETTm1.csv,OT,96,96,24,180508151,328,2018-05-30T23:00:00,2018-05-31T22:45:00,5.202,1.884,18.1205,2.11
tft,ETTm1.csv,OT,96,96,24,180508151,329,2018-05-31T05:00:00,2018-06-01T04:45:00,6.2863,1.9593,19.943,10.53
tft,ETTm1.csv,OT,96,96,24,180508151,330,2018-05-31T11:00:00,2018-06-01T10:45:00,17.6859,3.5578,37.7305,18.95
tft,ETTm1.csv,OT,96,96,24,180508151,331,2018-05-31T17:00:00,2018-06-01T16:45:00,15.0994,3.1238,33.7089,25.26
tft,ETTm1.csv,OT,96,96,24,180508151,332,2018-05-31T23:00:00,2018-06-01T22:45:00,20.2848,3.9938,41.1704,41.05
tft,ETTm1.csv,OT,96,96,24,180508151,333,2018-06-01T05:00:00,2018-06-02T04:45:00,7.4085,2.2276,21.938,44.21
tft,ETTm1.csv,OT,96,96,24,180508151,334,2018-06-01T11:00:00,2018-06-02T10:45:00,3.9663,1.5728,15.9768,42.11
tft,ETTm1.csv,OT,96,96,24,180508151,335,2018-06-01T17:00:00,2018-06-02T16:45:00,5.1808,1.883,19.2402,40.0
tft,ETTm1.csv,OT,96,96,24,180508151,336,2018-06-01T23:00:00,2018-06-02T22:45:00,4.7121,1.6525,17.1162,37.89
tft,ETTm1.csv,OT,96,96,24,180508151,337,2018-06-02T05:00:00,2018-06-03T04:45:00,6.921,2.1171,21.8067,42.11
tft,ETTm1.csv,OT,96,96,24,180508151,338,2018-06-02T11:00:00,2018-06-03T10:45:00,3.938,1.5632,16.0747,47.37
tft,ETTm1.csv,OT,96,96,24,180508151,339,2018-06-02T17:00:00,2018-06-03T16:45:00,6.843,2.0583,19.5742,46.32
tft,ETTm1.csv,OT,96,96,24,180508151,340,2018-06-02T23:00:00,2018-06-03T22:45:00,8.6815,2.2834,21.1088,48.42
tft,ETTm1.csv,OT,96,96,24,180508151,341,2018-06-03T05:00:00,2018-06-04T04:45:00,5.0771,1.6963,16.0988,46.32
tft,ETTm1.csv,OT,96,96,24,180508151,342,2018-06-03T11:00:00,2018-06-04T10:45:00,4.1769,1.627,15.6829,49.47
tft,ETTm1.csv,OT,96,96,24,180508151,343,2018-06-03T17:00:00,2018-06-04T16:45:00,4.8503,1.832,17.7845,49.47
tft,ETTm1.csv,OT,96,96,24,180508151,344,2018-06-03T23:00:00,2018-06-04T22:45:00,5.3963,1.7015,16.0529,35.79
tft,ETTm1.csv,OT,96,96,24,180508151,345,2018-06-04T05:00:00,2018-06-05T04:45:00,4.5752,1.5713,15.0238,40.0
tft,ETTm1.csv,OT,96,96,24,180508151,346,2018-06-04T11:00:00,2018-06-05T10:45:00,7.0894,2.2195,21.65,46.32
tft,ETTm1.csv,OT,96,96,24,180508151,347,2018-06-04T17:00:00,2018-06-05T16:45:00,3.5706,1.5299,15.2345,36.84
tft,ETTm1.csv,OT,96,96,24,180508151,348,2018-06-04T23:00:00,2018-06-05T22:45:00,4.7484,1.679,16.8151,41.05
tft,ETTm1.csv,OT,96,96,24,180508151,349,2018-06-05T05:00:00,2018-06-06T04:45:00,4.8797,1.6964,17.9123,33.68
tft,ETTm1.csv,OT,96,96,24,180508151,350,2018-06-05T11:00:00,2018-06-06T10:45:00,4.2426,1.6131,17.3634,43.16
tft,ETTm1.csv,OT,96,96,24,180508151,351,2018-06-05T17:00:00,2018-06-06T16:45:00,7.3001,2.166,21.2303,44.21
tft,ETTm1.csv,OT,96,96,24,180508151,352,2018-06-05T23:00:00,2018-06-06T22:45:00,12.2719,2.8343,26.2464,41.05
tft,ETTm1.csv,OT,96,96,24,180508151,353,2018-06-06T05:00:00,2018-06-07T04:45:00,7.3899,2.1719,20.0141,41.05
tft,ETTm1.csv,OT,96,96,24,180508151,354,2018-06-06T11:00:00,2018-06-07T10:45:00,6.0336,1.9803,18.2704,50.53
tft,ETTm1.csv,OT,96,96,24,180508151,355,2018-06-06T17:00:00,2018-06-07T16:45:00,4.5897,1.7561,15.6911,37.89
tft,ETTm1.csv,OT,96,96,24,180508151,356,2018-06-06T23:00:00,2018-06-07T22:45:00,3.7872,1.4635,13.0475,38.95
tft,ETTm1.csv,OT,96,96,24,180508151,357,2018-06-07T05:00:00,2018-06-08T04:45:00,6.3715,1.9262,17.4664,51.58
tft,ETTm1.csv,OT,96,96,24,180508151,358,2018-06-07T11:00:00,2018-06-08T10:45:00,6.7009,2.1469,20.0058,35.79
tft,ETTm1.csv,OT,96,96,24,180508151,359,2018-06-07T17:00:00,2018-06-08T16:45:00,10.3252,2.7869,26.9645,40.0
tft,ETTm1.csv,OT,96,96,24,180508151,360,2018-06-07T23:00:00,2018-06-08T22:45:00,14.8341,3.1693,32.6423,44.21
tft,ETTm1.csv,OT,96,96,24,180508151,361,2018-06-08T05:00:00,2018-06-09T04:45:00,17.2674,3.6119,39.396,41.05
tft,ETTm1.csv,OT,96,96,24,180508151,362,2018-06-08T11:00:00,2018-06-09T10:45:00,11.6792,2.9127,35.4357,36.84
tft,ETTm1.csv,OT,96,96,24,180508151,363,2018-06-08T17:00:00,2018-06-09T16:45:00,5.9001,1.8413,33.1872,44.21
tft,ETTm1.csv,OT,96,96,24,180508151,364,2018-06-08T23:00:00,2018-06-09T22:45:00,7.4226,2.0932,38.2737,47.37
tft,ETTm1.csv,OT,96,96,24,180508151,365,2018-06-09T05:00:00,2018-06-10T04:45:00,11.1615,2.5567,50.5772,42.11
tft,ETTm1.csv,OT,96,96,24,180508151,366,2018-06-09T11:00:00,2018-06-10T10:45:00,4.4809,1.701,28.2827,41.05
tft,ETTm1.csv,OT,96,96,24,180508151,367,2018-06-09T17:00:00,2018-06-10T16:45:00,4.7502,1.7922,23.1066,45.26
tft,ETTm1.csv,OT,96,96,24,180508151,368,2018-06-09T23:00:00,2018-06-10T22:45:00,8.7644,2.4368,28.9586,49.47
tft,ETTm1.csv,OT,96,96,24,180508151,369,2018-06-10T05:00:00,2018-06-11T04:45:00,4.5634,1.7486,20.69,42.11
tft,ETTm1.csv,OT,96,96,24,180508151,370,2018-06-10T11:00:00,2018-06-11T10:45:00,5.0372,1.7905,20.9584,38.95
tft,ETTm1.csv,OT,96,96,24,180508151,371,2018-06-10T17:00:00,2018-06-11T16:45:00,7.5644,2.106,22.346,40.0
tft,ETTm1.csv,OT,96,96,24,180508151,372,2018-06-10T23:00:00,2018-06-11T22:45:00,15.6286,3.336,33.8498,45.26
tft,ETTm1.csv,OT,96,96,24,180508151,373,2018-06-11T05:00:00,2018-06-12T04:45:00,11.0344,2.7578,27.3913,40.0
tft,ETTm1.csv,OT,96,96,24,180508151,374,2018-06-11T11:00:00,2018-06-12T10:45:00,9.0565,2.4085,23.4856,50.53
tft,ETTm1.csv,OT,96,96,24,180508151,375,2018-06-11T17:00:00,2018-06-12T16:45:00,4.7139,1.7782,16.2147,42.11
tft,ETTm1.csv,OT,96,96,24,180508151,376,2018-06-11T23:00:00,2018-06-12T22:45:00,7.0215,2.0509,17.9301,35.79
tft,ETTm1.csv,OT,96,96,24,180508151,377,2018-06-12T05:00:00,2018-06-13T04:45:00,5.8192,1.8456,15.916,42.11
tft,ETTm1.csv,OT,96,96,24,180508151,378,2018-06-12T11:00:00,2018-06-13T10:45:00,4.263,1.6306,14.0966,45.26
tft,ETTm1.csv,OT,96,96,24,180508151,379,2018-06-12T17:00:00,2018-06-13T16:45:00,4.5408,1.7207,14.8387,44.21
tft,ETTm1.csv,OT,96,96,24,180508151,380,2018-06-12T23:00:00,2018-06-13T22:45:00,4.2368,1.534,13.1303,50.53
tft,ETTm1.csv,OT,96,96,24,180508151,381,2018-06-13T05:00:00,2018-06-14T04:45:00,9.0405,2.4091,21.0628,42.11
tft,ETTm1.csv,OT,96,96,24,180508151,382,2018-06-13T11:00:00,2018-06-14T10:45:00,8.842,2.5285,22.2884,41.05
tft,ETTm1.csv,OT,96,96,24,180508151,383,2018-06-13T17:00:00,2018-06-14T16:45:00,12.9845,3.2198,28.4688,32.63
tft,ETTm1.csv,OT,96,96,24,180508151,384,2018-06-13T23:00:00,2018-06-14T22:45:00,8.0074,2.2387,19.2891,46.32
tft,ETTm1.csv,OT,96,96,24,180508151,385,2018-06-14T05:00:00,2018-06-15T04:45:00,16.0297,3.55,31.5023,41.05
tft,ETTm1.csv,OT,96,96,24,180508151,386,2018-06-14T11:00:00,2018-06-15T10:45:00,9.6945,2.7105,24.5588,45.26
tft,ETTm1.csv,OT,96,96,24,180508151,387,2018-06-14T17:00:00,2018-06-15T16:45:00,12.3212,3.1388,28.7281,36.84
tft,ETTm1.csv,OT,96,96,24,180508151,388,2018-06-14T23:00:00,2018-06-15T22:45:00,6.5103,2.003,18.8694,45.26
tft,ETTm1.csv,OT,96,96,24,180508151,389,2018-06-15T05:00:00,2018-06-16T04:45:00,12.8789,3.0256,30.1202,49.47
tft,ETTm1.csv,OT,96,96,24,180508151,390,2018-06-15T11:00:00,2018-06-16T10:45:00,13.3816,3.2317,33.7271,42.11
tft,ETTm1.csv,OT,96,96,24,180508151,391,2018-06-15T17:00:00,2018-06-16T16:45:00,5.0429,1.8451,19.6413,37.89
tft,ETTm1.csv,OT,96,96,24,180508151,392,2018-06-15T23:00:00,2018-06-16T22:45:00,4.8668,1.6954,18.4804,40.0
tft,ETTm1.csv,OT,96,96,24,180508151,393,2018-06-16T05:00:00,2018-06-17T04:45:00,10.5556,2.6868,30.3686,47.37
tft,ETTm1.csv,OT,96,96,24,180508151,394,2018-06-16T11:00:00,2018-06-17T10:45:00,5.7842,1.9622,22.6482,43.16
tft,ETTm1.csv,OT,96,96,24,180508151,395,2018-06-16T17:00:00,2018-06-17T16:45:00,4.4815,1.8047,19.8778,46.32
tft,ETTm1.csv,OT,96,96,24,180508151,396,2018-06-16T23:00:00,2018-06-17T22:45:00,4.6313,1.6815,17.2547,44.21
tft,ETTm1.csv,OT,96,96,24,180508151,397,2018-06-17T05:00:00,2018-06-18T04:45:00,4.3129,1.5619,15.725,37.89
tft,ETTm1.csv,OT,96,96,24,180508151,398,2018-06-17T11:00:00,2018-06-18T10:45:00,4.7896,1.7771,18.0594,43.16
tft,ETTm1.csv,OT,96,96,24,180508151,399,2018-06-17T17:00:00,2018-06-18T16:45:00,6.0536,2.0766,20.932,43.16
tft,ETTm1.csv,OT,96,96,24,180508151,400,2018-06-17T23:00:00,2018-06-18T22:45:00,3.9565,1.5442,14.882,48.42
tft,ETTm1.csv,OT,96,96,24,180508151,401,2018-06-18T05:00:00,2018-06-19T04:45:00,4.6273,1.6302,15.6575,34.74
tft,ETTm1.csv,OT,96,96,24,180508151,402,2018-06-18T11:00:00,2018-06-19T10:45:00,4.392,1.6179,16.1034,33.68
tft,ETTm1.csv,OT,96,96,24,180508151,403,2018-06-18T17:00:00,2018-06-19T16:45:00,14.7421,2.8769,38.53,42.11
tft,ETTm1.csv,OT,96,96,24,180508151,404,2018-06-18T23:00:00,2018-06-19T22:45:00,17.2104,3.0997,49.48,38.95
tft,ETTm1.csv,OT,96,96,24,180508151,405,2018-06-19T05:00:00,2018-06-20T04:45:00,16.5717,3.2649,52.0783,50.53
tft,ETTm1.csv,OT,96,96,24,180508151,406,2018-06-19T11:00:00,2018-06-20T10:45:00,14.1872,3.051,49.7475,38.95
tft,ETTm1.csv,OT,96,96,24,180508151,407,2018-06-19T17:00:00,2018-06-20T16:45:00,5.498,1.9874,27.8377,49.47
tft,ETTm1.csv,OT,96,96,24,180508151,408,2018-06-19T23:00:00,2018-06-20T22:45:00,8.6391,2.4951,31.0264,46.32
tft,ETTm1.csv,OT,96,96,24,180508151,409,2018-06-20T05:00:00,2018-06-21T04:45:00,3.6641,1.4791,17.3929,40.0
tft,ETTm1.csv,OT,96,96,24,180508151,410,2018-06-20T11:00:00,2018-06-21T10:45:00,4.2707,1.6792,19.3103,44.21
tft,ETTm1.csv,OT,96,96,24,180508151,411,2018-06-20T17:00:00,2018-06-21T16:45:00,6.0291,1.9873,22.4657,43.16
tft,ETTm1.csv,OT,96,96,24,180508151,412,2018-06-20T23:00:00,2018-06-21T22:45:00,4.2053,1.5959,17.9917,38.95
tft,ETTm1.csv,OT,96,96,24,180508151,413,2018-06-21T05:00:00,2018-06-22T04:45:00,4.1186,1.5943,18.3086,40.0
tft,ETTm1.csv,OT,96,96,24,180508151,414,2018-06-21T11:00:00,2018-06-22T10:45:00,4.5216,1.6132,21.6641,42.11
tft,ETTm1.csv,OT,96,96,24,180508151,415,2018-06-21T17:00:00,2018-06-22T16:45:00,8.0685,2.2043,41.6825,40.0
tft,ETTm1.csv,OT,96,96,24,180508151,416,2018-06-21T23:00:00,2018-06-22T22:45:00,6.4328,1.9343,37.966,40.0
tft,ETTm1.csv,OT,96,96,24,180508151,417,2018-06-22T05:00:00,2018-06-23T04:45:00,13.466,3.043,62.986,46.32
tft,ETTm1.csv,OT,96,96,24,180508151,418,2018-06-22T11:00:00,2018-06-23T10:45:00,6.9108,2.1317,42.7546,37.89
tft,ETTm1.csv,OT,96,96,24,180508151,419,2018-06-22T17:00:00,2018-06-23T16:45:00,5.7461,1.9182,28.7336,37.89
tft,ETTm1.csv,OT,96,96,24,180508151,420,2018-06-22T23:00:00,2018-06-23T22:45:00,6.3214,2.0572,29.033,45.26
tft,ETTm1.csv,OT,96,96,24,180508151,421,2018-06-23T05:00:00,2018-06-24T04:45:00,3.1914,1.4214,19.4422,35.79
tft,ETTm1.csv,OT,96,96,24,180508151,422,2018-06-23T11:00:00,2018-06-24T10:45:00,4.7567,1.7654,23.4079,51.58
tft,ETTm1.csv,OT,96,96,24,180508151,423,2018-06-23T17:00:00,2018-06-24T16:45:00,9.5743,2.4882,30.5167,42.11
tft,ETTm1.csv,OT,96,96,24,180508151,424,2018-06-23T23:00:00,2018-06-24T22:45:00,11.0234,2.7195,31.9951,36.84
tft,ETTm1.csv,OT,96,96,24,180508151,425,2018-06-24T05:00:00,2018-06-25T04:45:00,6.3709,2.0705,23.5314,42.11
tft,ETTm1.csv,OT,96,96,24,180508151,426,2018-06-24T11:00:00,2018-06-25T10:45:00,9.6928,2.5019,26.5047,36.84
tft,ETTm1.csv,OT,96,96,24,180508151,427,2018-06-24T17:00:00,2018-06-25T16:45:00,11.7705,2.793,27.4721,46.32
tft,ETTm1.csv,OT,96,96,24,180508151,428,2018-06-24T23:00:00,2018-06-25T22:45:00,11.2425,2.807,27.1457,50.53
tft,ETTm1.csv,OT,96,96,24,180508151,429,2018-06-25T05:00:00,2018-06-26T04:45:00,5.8446,2.0114,19.4279,38.95
tft,ETTm1.csv,OT,96,96,24,180508151,430,2018-06-25T11:00:00,2018-06-26T10:45:00,4.1528,1.56,15.6969,45.26
tft,ETTm1.csv,OT,96,96,24,180508151,431,2018-06-25T17:00:00,2018-06-26T16:45:00,3.2942,1.4594,14.9926,40.0
